[575, 329, 118, 57]
[575, 328, 118, 57]
[587, 331, 87, 49]
[586, 331, 87, 49]
[585, 331, 87, 49]
[585, 331, 87, 49]
[587, 331, 87, 49]
[586, 332, 87, 49]
[588, 333, 82, 46]
[585, 332, 87, 49]
[588, 333, 82, 46]
[591, 334, 78, 44]
[589, 331, 90, 51]
[587, 331, 90, 51]
[586, 331, 90, 51]
[587, 331, 90, 51]
[586, 332, 90, 51]
[587, 333, 85, 48]
[587, 334, 85, 48]
[585, 333, 90, 51]
[585, 332, 90, 51]
[586, 333, 90, 51]
[577, 333, 114, 50]
[574, 333, 114, 50]
[568, 332, 119, 52]
[563, 331, 125, 55]
[559, 330, 131, 57]
[562, 330, 131, 57]
[565, 329, 131, 57]
[564, 329, 131, 57]
[565, 328, 131, 57]
[566, 328, 131, 57]
[574, 331, 115, 53]
[572, 331, 115, 53]
[575, 332, 109, 50]
[578, 333, 104, 48]
[576, 332, 109, 50]
[578, 332, 109, 50]
[575, 330, 115, 53]
[576, 330, 115, 53]
[576, 330, 115, 53]
[576, 330, 115, 53]
[578, 329, 107, 53]
[577, 328, 107, 53]
[574, 328, 112, 55]
