[58, 61, 84, 106]
[57, 60, 84, 106]
[55, 60, 84, 106]
[54, 61, 84, 106]
[53, 62, 84, 106]
[52, 62, 84, 106]
[51, 64, 84, 106]
[53, 67, 80, 100]
[53, 68, 80, 100]
[53, 67, 80, 100]
[54, 65, 80, 100]
[49, 65, 80, 100]
[50, 66, 80, 100]
[52, 64, 80, 100]
[47, 62, 80, 100]
[48, 65, 80, 100]
[46, 65, 80, 100]
[43, 66, 80, 100]
[44, 67, 80, 100]
[46, 70, 76, 96]
[42, 71, 76, 96]
[42, 72, 76, 96]
[44, 74, 72, 91]
[44, 73, 72, 91]
[44, 73, 72, 91]
[43, 72, 72, 91]
[43, 73, 72, 91]
[43, 73, 72, 91]
[45, 74, 72, 91]
[44, 75, 72, 91]
[43, 77, 72, 91]
[46, 81, 69, 87]
[48, 80, 69, 87]
[47, 82, 69, 87]
[48, 84, 65, 83]
[47, 85, 65, 83]
[48, 87, 62, 79]
[48, 88, 62, 79]
[52, 91, 59, 75]
[54, 91, 59, 75]
[54, 90, 59, 75]
[55, 90, 59, 75]
[57, 91, 59, 75]
[58, 92, 59, 75]
[59, 92, 59, 75]
[60, 91, 59, 75]
[61, 91, 59, 75]
[63, 90, 59, 75]
[64, 89, 59, 75]
[66, 89, 59, 75]
[68, 89, 59, 75]
[70, 90, 59, 75]
[72, 90, 59, 75]
[73, 91, 59, 75]
[74, 91, 59, 75]
[74, 92, 59, 75]
[77, 94, 56, 71]
[79, 95, 56, 71]
[80, 96, 56, 71]
[84, 99, 54, 68]
[85, 100, 54, 68]
[86, 101, 54, 68]
[89, 103, 51, 65]
[91, 103, 51, 65]
[92, 103, 51, 65]
[93, 104, 51, 65]
[96, 104, 51, 65]
[101, 101, 51, 65]
[106, 101, 49, 61]
[111, 101, 46, 59]
[115, 101, 46, 59]
[116, 102, 46, 59]
[117, 101, 46, 59]
[122, 100, 44, 56]
[126, 100, 44, 56]
[129, 102, 44, 56]
[132, 100, 44, 56]
[135, 99, 44, 56]
[137, 100, 44, 56]
[140, 100, 44, 56]
[142, 101, 44, 56]
[144, 101, 44, 56]
[146, 102, 44, 56]
[145, 101, 46, 59]
[146, 100, 46, 59]
[148, 99, 49, 61]
[152, 96, 49, 61]
[157, 96, 49, 61]
[163, 93, 49, 61]
[164, 93, 49, 61]
[167, 94, 49, 61]
[168, 94, 46, 59]
[173, 95, 44, 56]
[179, 96, 42, 53]
[181, 97, 42, 53]
[183, 97, 42, 53]
[184, 97, 42, 53]
[188, 98, 40, 50]
[192, 100, 38, 48]
[194, 100, 38, 48]
[197, 99, 38, 48]
[198, 99, 38, 48]
[201, 99, 38, 48]
[203, 100, 38, 48]
[205, 100, 38, 48]
[205, 99, 40, 50]
[207, 99, 40, 50]
[207, 98, 40, 50]
[208, 98, 40, 50]
[211, 99, 38, 48]
[214, 99, 38, 48]
[217, 99, 38, 48]
[220, 100, 38, 48]
[222, 100, 38, 48]
[225, 100, 38, 48]
[228, 101, 38, 48]
[232, 100, 38, 48]
[236, 101, 38, 48]
[240, 101, 38, 48]
[242, 101, 38, 48]
[246, 102, 36, 46]
[251, 102, 36, 46]
[255, 103, 36, 46]
[259, 103, 36, 46]
[264, 103, 34, 44]
